-1,8318
0,4009
16,63
21,62
33,58
13,57
28,57
20,55
23,54
27,52
10,52
37,51
14,50
41,49
34,49
11,48
18,47
17,46
15,46
36,45
12,45
22,45
32,45
64,44
43,44
26,43
25,43
19,43
68,42
61,42
56,42
49,41
50,41
24,40
30,40
31,40
60,40
35,39
9,39
45,39
42,39
53,39
29,38
87,38
51,38
8,38
39,38
38,37
67,37
92,37
71,37
59,37
66,37
62,36
134,36
77,35
58,35
48,35
46,35
69,34
78,34
40,34
183,34
65,33
63,33
52,33
143,33
94,32
85,32
47,32
107,31
89,31
109,31
115,31
70,31
110,30
79,29
7,29
74,29
160,29
102,29
54,28
73,28
101,28
72,28
88,28
104,28
75,28
114,28
44,28
57,28
76,28
187,27
126,27
86,27
84,27
129,27
100,27
113,27
105,27
90,27
99,26
138,26
6,25
55,25
111,25
103,25
97,25
83,25
108,25
116,24
124,24
161,24
122,24
82,24
125,24
91,23
118,23
176,23
205,23
132,23
218,23
152,23
98,23
93,23
81,23
163,22
139,22
174,22
119,22
135,22
137,22
95,22
164,22
171,22
159,21
96,21
153,21
130,21
170,21
131,21
230,20
326,20
335,20
359,20
128,20
217,20
220,20
199,20
203,19
140,19
211,19
172,19
191,19
228,19
196,19
177,19
311,19
189,19
208,19
80,19
2,19
192,19
112,19
219,19
166,19
256,18
175,18
165,18
173,18
149,18
179,18
117,18
127,18
216,18
148,18
162,18
200,18
210,18
215,18
121,18
144,18
194,18
239,17
184,17
168,17
280,17
133,17
120,17
178,17
385,17
145,17
180,17
313,17
281,17
190,17
206,17
188,17
142,16
229,16
214,16
274,16
255,16
266,16
251,16
341,16
357,16
106,16
141,16
267,16
136,16
209,16
182,16
204,16
249,15
250,15
158,15
270,15
403,15
307,15
455,15
259,15
317,15
221,15
186,15
272,15
305,15
331,15
146,15
151,15
242,15
268,15
400,15
241,15
233,14
195,14
302,14
301,14
123,14
519,14
169,14
258,14
197,14
150,14
227,14
275,14
315,14
263,14
346,14
372,14
237,14
324,14
572,14
421,14
405,14
465,14
297,14
342,14
377,14
300,14
246,14
347,14
264,14
232,14
292,14
279,13
155,13
402,13
248,13
243,13
154,13
616,13
476,13
167,13
327,13
529,13
303,13
286,13
247,13
235,13
368,13
4,13
213,13
318,13
426,13
306,13
276,13
319,13
157,13
212,13
340,13
374,12
3,12
390,12
376,12
222,12
201,12
366,12
457,12
369,12
423,12
156,12
456,12
391,12
291,12
424,12
238,12
731,12
602,12
447,12
538,12
466,12
240,12
354,12
480,12
561,11
298,11
271,11
284,11
610,11
323,11
378,11
603,11
349,11
290,11
505,11
585,11
786,11
451,11
367,11
523,11
245,11
550,11
336,11
415,11
706,11
282,11
361,11
225,11
226,11
316,11
414,11
437,11
198,11
147,11
294,11
289,11
223,11
747,11
440,11
430,11
269,11
520,11
262,11
185,10
273,10
356,10
665,10
304,10
231,10
337,10
309,10
244,10
260,10
495,10
498,10
431,10
411,10
265,10
379,10
530,10
481,10
329,10
277,10
491,10
398,10
757,10
701,10
961,10
5,10
559,10
710,10
330,10
429,10
702,10
555,10
296,10
502,10
467,10
328,10
312,10
333,10
310,10
344,10
461,9
254,9
453,9
485,9
285,9
581,9
501,9
389,9
392,9
236,9
542,9
320,9
468,9
484,9
427,9
509,9
443,9
459,9
261,9
432,9
558,9
252,9
350,9
734,9
600,9
462,9
293,9
193,9
408,9
589,9
287,9
781,9
339,9
503,9
579,9
454,9
533,9
314,9
332,9
489,9
442,9
338,9
490,9
435,9
434,9
288,9
546,9
325,8
554,8
224,8
381,8
746,8
343,8
407,8
540,8
926,8
283,8
469,8
207,8
253,8
412,8
536,8
494,8
737,8
382,8
355,8
371,8
682,8
202,8
522,8
811,8
399,8
594,8
458,8
562,8
754,8
638,8
543,8
351,8
1453,8
834,8
670,8
362,8
790,8
419,8
370,8
750,8
576,8
726,8
591,8
353,8
570,8
787,8
388,8
649,8
1141,8
611,8
617,8
627,8
409,8
840,8
433,8
580,8
749,8
452,8
564,8
395,8
697,8
449,8
1147,7
723,7
955,7
608,7
885,7
741,7
672,7
345,7
404,7
234,7
586,7
308,7
528,7
743,7
474,7
441,7
805,7
352,7
622,7
1,7
844,7
181,7
512,7
1373,7
574,7
506,7
394,7
493,7
448,7
642,7
583,7
436,7
666,7
487,7
993,7
511,7
765,7
483,7
584,7
386,7
689,7
857,7
715,7
334,7
635,7
539,7
985,7
417,7
364,7
1086,7
504,7
497,7
920,7
1079,7
683,7
700,7
516,7
668,7
783,7
397,7
1353,7
777,7
604,7
548,7
425,7
406,7
1297,7
295,7
514,7
821,6
1031,6
605,6
967,6
534,6
919,6
358,6
733,6
1207,6
551,6
630,6
1111,6
470,6
439,6
1317,6
1045,6
375,6
685,6
599,6
711,6
822,6
1069,6
854,6
438,6
819,6
966,6
1039,6
1129,6
897,6
396,6
380,6
673,6
348,6
609,6
531,6
809,6
547,6
879,6
545,6
563,6
321,6
299,6
761,6
739,6
475,6
587,6
652,6
428,6
1593,6
848,6
479,6
716,6
730,6
714,6
703,6
1114,6
575,6
322,6
527,6
450,6
796,6
557,6
626,6
383,6
410,6
860,6
815,6
924,6
588,6
492,6
460,6
1008,6
803,6
851,6
1227,6
936,6
612,6
2600,6
660,6
760,6
416,6
696,6
868,6
900,6
568,6
384,6
1012,6
360,6
365,6
1748,6
525,6
606,6
1096,6
799,6
1630,6
1443,6
473,6
1646,6
843,6
537,6
1171,6
779,6
1832,6
1454,6
640,6
1099,6
1240,6
704,6
651,5
1034,5
363,5
1483,5
1142,5
1238,5
1275,5
1286,5
1179,5
1542,5
1130,5
1718,5
891,5
524,5
1467,5
1323,5
573,5
684,5
890,5
727,5
1030,5
797,5
887,5
393,5
1644,5
1368,5
1256,5
1224,5
1192,5
1144,5
824,5
744,5
4271,5
632,5
1191,5
1255,5
1287,5
445,5
653,5
637,5
681,5
1436,5
893,5
1244,5
826,5
698,5
892,5
908,5
988,5
1053,5
1004,5
1084,5
1193,5
1081,5
713,5
1065,5
1017,5
1001,5
921,5
825,5
535,5
567,5
1372,5
793,5
1721,5
2183,5
614,5
643,5
499,5
736,5
532,5
446,5
596,5
798,5
1057,5
687,5
965,5
671,5
1267,5
486,5
814,5
1582,5
517,5
1664,5
257,5
1813,5
1137,5
1645,5
768,5
510,5
1088,5
590,5
960,5
883,5
2101,5
420,5
867,5
1777,5
1329,5
771,5
686,5
880,5
2068,5
1091,5
1136,5
1107,5
1248,5
1281,5
1553,5
962,5
1470,5
836,5
866,5
464,5
1538,5
882,5
898,5
629,5
902,5
661,5
831,5
657,5
1042,5
1058,5
565,5
964,5
1108,5
1138,5
708,5
577,5
1537,5
658,5
1428,5
789,5
1565,5
804,5
724,5
544,5
578,5
674,5
690,5
1075,5
463,5
693,5
1418,4
1386,4
1422,4
1530,4
1720,4
1498,4
508,4
1928,4
1690,4
1514,4
1800,4
982,4
1214,4
2213,4
676,4
916,4
884,4
881,4
1038,4
929,4
1054,4
664,4
680,4
1009,4
756,4
712,4
2757,4
692,4
792,4
2841,4
2437,4
1118,4
1134,4
856,4
628,4
888,4
1150,4
1182,4
952,4
500,4
1153,4
863,4
1064,4
1080,4
1265,4
556,4
636,4
2878,4
1705,4
1148,4
1433,4
3448,4
1922,4
1321,4
1241,4
2638,4
623,4
1113,4
1260,4
650,4
2178,4
1033,4
1934,4
2051,4
1625,4
1132,4
969,4
812,4
940,4
1170,4
1074,4
1186,4
1026,4
1362,4
946,4
850,4
1052,4
1666,4
1698,4
2382,4
818,4
4008,4
828,4
1308,4
953,4
3371,4
1027,4
1046,4
1155,4
1614,4
974,4
1251,4
1363,4
1050,4
1395,4
620,4
1194,4
2232,4
1555,4
1756,4
1518,4
1242,4
1018,4
1011,4
751,4
995,4
889,4
873,4
659,4
1790,4
1388,4
810,4
675,4
729,4
755,4
1452,4
633,4
1500,4
906,4
569,4
963,4
552,4
943,4
619,4
957,4
647,4
1221,4
909,4
1285,4
1519,4
1445,4
1525,4
959,4
763,4
471,4
1005,4
1685,4
752,4
2858,4
1503,4
2822,4
688,4
1216,4
1296,4
717,4
1280,4
1264,4
773,4
837,4
869,4
823,4
1152,4
951,4
3028,4
1013,4
813,4
871,4
720,4
278,4
669,4
3527,4
1798,4
1309,4
1549,4
1606,4
1574,4
1510,4
886,4
1711,4
1499,4
1547,4
1611,4
1094,4
950,4
1062,4
1243,4
1115,4
1101,4
1165,4
875,4
2439,4
1117,4
907,4
518,4
923,4
566,4
806,4
939,4
646,4
678,4
1019,4
1035,4
1597,4
1303,4
1122,4
1839,4
1332,4
1719,4
477,4
541,4
1799,4
830,4
894,4
782,4
1860,4
2208,4
1876,4
1188,4
878,4
1540,4
1348,4
2016,4
3525,4
2073,4
654,4
2052,4
1327,4
1007,4
910,4
3205,4
478,4
2460,4
2250,4
2224,4
2249,4
1247,4
817,4
1263,4
1456,4
621,4
1472,4
549,4
1295,4
942,4
1415,4
1431,4
1183,4
401,4
482,3
987,3
634,3
3034,3
418,3
618,3
592,3
1025,3
6402,3
513,3
1051,3
2512,3
2896,3
849,3
1659,3
1627,3
1595,3
865,3
3059,3
2417,3
625,3
4514,3
3370,3
1307,3
1291,3
2576,3
2819,3
738,3
722,3
2529,3
496,3
2707,3
2593,3
1041,3
1338,3
2243,3
6787,3
667,3
1761,3
992,3
1072,3
3153,3
1738,3
1729,3
1601,3
1872,3
3392,3
1744,3
2650,3
1712,3
1585,3
571,3
1210,3
1424,3
1392,3
1521,3
3259,3
1312,3
507,3
1370,3
986,3
2490,3
954,3
2080,3
2067,3
2096,3
859,3
656,3
1354,3
778,3
4016,3
2874,3
794,3
1937,3
2826,3
1968,3
1249,3
800,3
1873,3
1825,3
2097,3
7043,3
2474,3
699,3
1984,3
2971,3
1090,3
1059,3
2267,3
1239,3
1607,3
1463,3
4631,3
1399,3
1383,3
2612,3
1319,3
3350,3
2660,3
645,3
709,3
3235,3
1063,3
1047,3
853,3
917,3
949,3
775,3
759,3
1029,3
1077,3
1093,3
1687,3
4062,3
1879,3
373,3
1156,3
1204,3
1236,3
1252,3
1316,3
1412,3
1444,3
2329,3
1508,3
1556,3
1604,3
2265,3
5702,3
1636,3
1684,3
1716,3
3893,3
1956,3
2004,3
2276,3
4439,3
695,3
679,3
663,3
2182,3
742,3
2102,3
838,3
2038,3
1958,3
1926,3
1862,3
5956,3
1782,3
1670,3
1654,3
3655,3
870,3
1382,3
1366,3
1254,3
918,3
1206,3
1190,3
934,3
1110,3
2759,3
662,3
631,3
598,3
615,3
1237,3
1381,3
1557,3
1573,3
1589,3
1637,3
2502,3
1797,3
1893,3
2055,3
2438,3
5833,3
2103,3
2422,3
2135,3
2359,3
422,3
2342,3
4660,3
582,3
1140,3
472,3
488,3
1305,3
2034,3
2082,3
2114,3
3144,3
4193,3
1049,3
2354,3
387,3
3032,3
937,3
2482,3
905,3
2498,3
2594,3
2824,3
691,3
707,3
2866,3
899,3
3547,3
553,3
1225,3
1401,3
2568,3
1465,3
1218,3
1266,3
1314,3
1426,3
1442,3
1490,3
1522,3
1618,3
2107,3
1762,3
1810,3
2059,3
2113,3
1977,3
1913,3
1897,3
1801,3
1785,3
1858,3
1609,3
1874,3
4635,3
1043,3
1124,3
1560,3
1480,3
2225,3
1352,3
2085,3
3257,3
1128,3
1112,3
1032,3
1000,3
968,3
2469,3
2661,3
2889,3
2677,3
772,3
648,3
2665,3
852,3
4982,3
980,3
1092,3
1528,3
1576,3
1123,3
1592,3
1187,3
1235,3
1379,3
1427,3
1459,3
1491,3
2264,3
1507,3
1539,3
1603,3
1635,3
1699,3
1731,3
2136,3
1827,3
1907,3
1939,3
2019,3
2035,3
4089,3
3753,3
1707,3
2047,3
1405,3
1995,3
1631,3
2046,3
1901,3
1647,3
1310,3
2077,3
2061,3
1917,3
829,3
719,3
991,3
1788,3
1100,3
1615,3
1758,3
1759,3
1836,3
4012,3
3935,3
1023,3
3086,3
1375,3
639,3
1742,3
1055,3
1980,3
2863,3
1181,3
766,3
861,3
1276,3
1374,3
444,3
3724,3
2493,3
1677,3
847,3
1245,3
1725,3
1439,3
1741,3
973,3
1213,3
1853,3
2828,3
862,3
3007,3
1501,3
3852,3
1551,3
927,3
846,3
2447,3
1628,3
767,3
975,3
1534,3
4526,3
1133,3
1357,3
1325,3
3180,3
1198,3
3135,3
1851,3
1566,3
2799,3
1119,3
1085,3
1341,3
2925,3
1166,3
1102,3
764,3
1087,3
748,3
2976,2
2960,2
1545,2
1529,2
1513,2
913,2
1326,2
2553,2
2277,2
5563,2
7311,2
5005,2
3198,2
2455,2
3026,2
1164,2
1417,2
2471,2
2336,2
979,2
3443,2
2118,2
1973,2
4261,2
10883,2
1330,2
833,2
14611,2
2407,2
3423,2
1689,2
1197,2
3022,2
2423,2
911,2
6533,2
3197,2
4632,2
2293,2
2233,2
3112,2
5246,2
2944,2
1577,2
3836,2
6727,2
1097,2
1209,2
3292,2
4696,2
3168,2
2492,2
1228,2
3391,2
780,2
2615,2
5307,2
3256,2
3320,2
5326,2
1925,2
1693,2
1161,2
1145,2
7274,2
3740,2
3216,2
2683,2
3711,2
1273,2
1201,2
4365,2
2165,2
2288,2
1196,2
2254,2
977,2
2300,2
8483,2
1378,2
1369,2
2635,2
3136,2
3072,2
9083,2
2699,2
2535,2
3988,2
3088,2
2633,2
13335,2
3091,2
1385,2
4408,2
4570,2
3037,2
2592,2
3311,2
5086,2
1250,2
4502,2
1020,2
4216,2
6706,2
1230,2
2624,2
2395,2
2640,2
593,2
1278,2
8476,2
2411,2
8805,2
2565,2
3196,2
3054,2
1234,2
10399,2
2379,2
1068,2
4330,2
3295,2
1282,2
3134,2
1997,2
2973,2
2528,2
2938,2
2299,2
4317,2
2283,2
4196,2
1071,2
2485,2
2560,2
2151,2
3021,2
1246,2
1262,2
11225,2
2313,2
6379,2
2421,2
2231,2
6135,2
2475,2
721,2
2311,2
8427,2
1833,2
1817,2
2327,2
4399,2
2400,2
2507,2
2348,2
769,2
2489,2
10547,2
1769,2
785,2
2597,2
4538,2
3203,2
2444,2
1135,2
3800,2
1881,2
2768,2
4483,2
1116,2
3267,2
2326,2
3149,2
4298,2
4426,2
4292,2
2009,2
931,2
1993,2
2416,2
2409,2
1961,2
3038,2
1945,2
1929,2
2279,2
5374,2
1202,2
2045,2
2295,2
947,2
3024,2
2807,2
2133,2
1864,2
3340,2
2008,2
655,2
2430,2
3567,2
1619,2
4025,2
3959,2
2446,2
1398,2
1996,2
1880,2
1414,2
3113,2
1878,2
3602,2
3901,2
3586,2
10066,2
7999,2
3583,2
607,2
1478,2
1784,2
5866,2
3554,2
8310,2
1219,2
1969,2
1804,2
3452,2
3303,2
984,2
1389,2
735,2
3049,2
1715,2
4128,2
1772,2
3065,2
2083,2
2044,2
6897,2
1350,2
7477,2
4155,2
5793,2
2104,2
2115,2
6170,2
2072,2
1048,2
4176,2
3991,2
13957,2
8278,2
1752,2
1160,2
5588,2
1916,2
3997,2
4528,2
5322,2
2574,2
1464,2
26036,2
1598,2
3497,2
2499,2
4605,2
1416,2
2643,2
1400,2
1494,2
1331,2
3305,2
1734,2
3401,2
1288,2
1750,2
5434,2
1299,2
2595,2
1320,2
8742,2
1766,2
2451,2
3561,2
7536,2
1638,2
3538,2
2744,2
1868,2
2323,2
3737,2
1688,2
9868,2
1672,2
1550,2
1656,2
3607,2
2339,2
1964,2
2478,2
1590,2
4653,2
3639,2
3911,2
1293,2
9740,2
3593,2
1622,2
1411,2
2419,2
1208,2
1985,2
1222,2
978,2
776,2
1409,2
1425,2
2793,2
2204,2
1441,2
3519,2
1457,2
1473,2
3612,2
2887,2
1505,2
6972,2
2903,2
9589,2
4066,2
2825,2
1533,2
7041,2
1517,2
1484,2
2931,2
2967,2
808,2
1617,2
601,2
2648,2
4916,2
2856,2
1779,2
4852,2
2711,2
3312,2
3048,2
2910,2
4772,2
2713,2
694,2
4762,2
3471,2
3360,2
1613,2
1438,2
2236,2
5454,2
6354,2
2220,2
2069,2
2979,2
1340,2
4955,2
1377,2
2777,2
1581,2
841,2
1356,2
5491,2
1633,2
1516,2
2616,2
1421,2
2953,2
1841,2
3904,2
1857,2
1126,2
1843,2
3679,2
2814,2
2392,2
11379,2
2006,2
3936,2
1158,2
2873,2
1174,2
3223,2
802,2
6084,2
2344,2
4861,2
4379,2
2328,2
1708,2
4000,2
1953,2
1795,2
904,2
5710,2
7253,2
12617,2
3186,2
1532,2
2172,2
3728,2
2054,2
3744,2
1486,2
521,2
998,2
1014,2
1580,2
2552,2
3629,2
2536,2
2366,2
3645,2
2520,2
4944,2
4555,2
1891,2
4101,2
1139,2
4970,2
1875,2
3824,2
2063,2
2619,2
1199,2
2221,2
5606,2
2618,2
6899,2
4649,2
4238,2
2586,2
784,2
2578,2
8360,2
6931,2
816,2
14828,2
4585,2
2634,2
2758,2
1492,2
832,2
2881,2
725,2
2269,2
1535,2
1838,2
2913,2
6704,2
1460,2
2820,2
1524,2
515,2
3566,2
2746,2
3701,2
2625,2
7997,2
19182,2
2130,2
2794,2
4841,2
4177,2
3430,2
597,2
2778,2
4719,2
2668,2
6867,2
8852,2
1588,2
4777,2
2125,2
8263,2
2141,2
5509,2
2790,2
2753,2
677,2
1567,2
4837,2
3424,2
1495,2
2509,2
2186,2
6338,2
4281,2
2996,2
595,2
2218,2
1906,2
3012,2
1890,2
1735,2
3317,2
997,2
1268,2
1168,2
1300,2
3923,2
6333,2
6752,2
2174,2
4201,2
1220,2
1822,2
4542,2
3502,2
2090,2
3799,2
5314,2
6344,2
1938,2
9108,2
2002,2
2319,2
944,2
4773,2
2333,2
4364,2
3477,2
2610,2
976,2
5653,2
3606,2
4951,2
1591,2
1380,2
3987,2
877,2
2314,2
2694,2
6408,2
1639,2
4689,2
2298,2
2678,2
901,2
4003,2
4329,2
3534,2
2495,2
795,2
560,2
1883,2
2671,2
1950,2
3999,2
4847,2
935,2
1563,2
4085,2
1515,2
2966,2
3546,2
3902,2
4053,2
2273,2
14708,2
2844,2
5529,2
1419,2
3466,2
2289,2
1095,2
3450,2
1387,2
3434,2
1371,2
4354,2
3386,2
5721,2
1835,2
4642,2
3770,2
983,2
3046,2
999,2
1771,2
2719,2
1999,2
2196,2
12451,2
2212,2
2116,2
2228,2
5045,2
1015,2
1903,2
3754,2
2145,2
2100,2
16589,2
718,2
2084,2
1675,2
4119,2
2177,2
3706,2
6275,2
7092,2
2290,2
4407,2
4684,2
2011,2
807,2
4620,2
1812,2
1979,2
3066,2
2497,2
4545,2
1003,2
1780,2
1743,2
971,2
3018,2
3797,2
3951,2
2548,2
6121,2
5017,2
2030,2
2954,2
2732,2
1854,2
2577,2
845,2
2162,2
2906,2
827,2
1828,2
1963,2
1067,2
1775,2
5917,2
1915,2
6025,2
855,2
8088,2
1143,2
1924,2
1902,2
839,2
2385,2
1892,2
3274,2
1195,2
5974,2
4450,2
4047,2
1163,2
3210,2
2780,2
2242,2
1131,2
3270,2
2014,2
6862,2
1083,2
4721,2
925,2
3108,2
5623,2
7923,2
1274,2
1991,2
1493,2
1808,2
5591,2
1509,2
3791,2
5607,2
3619,2
1226,2
3087,2
2933,2
4070,2
5639,2
9390,2
1888,2
5986,2
2486,2
8282,2
2802,2
1554,2
1952,2
1146,2
2206,2
3777,2
1504,2
1632,2
2706,2
7095,2
1482,2
3585,2
1349,2
5560,2
1774,2
1568,2
1584,2
3412,2
1365,2
3699,2
1728,2
932,2
1391,2
1397,2
1413,2
3683,2
2589,2
3419,2
1634,2
7777,2
1461,2
3438,2
2837,2
3163,2
788,2
2875,2
1474,2
922,2
2741,2
8284,2
3507,2
3844,2
2406,2
874,2
4124,2
858,2
842,2
1829,2
1070,2
3294,2
2192,2
1845,2
4243,2
1861,2
732,2
762,2
1231,2
3278,2
2185,2
4808,2
1279,2
7081,2
5180,2
4806,2
9278,2
3131,2
1082,2
1343,2
1066,2
2834,2
2805,2
2032,2
2685,2
8179,2
3067,2
4750,2
4591,2
2064,2
1002,2
2089,2
5135,2
740,2
3358,2
1726,2
3539,2
3342,2
2238,2
1911,2
1477,2
1304,2
1172,2
1786,2
1076,2
1806,2
1730,2
3787,2
6639,2
7191,2
1044,2
1863,2
1826,2
3473,2
1978,2
2588,2
1674,2
7817,2
3707,2
1658,2
3691,2
2010,2
6056,2
5896,2
6040,2
1157,2
2190,2
1898,2
1778,2
2207,2
5239,2
3141,2
1866,2
1930,2
3979,2
1746,2
1850,2
989,2
1423,2
2550,2
1818,2
5912,2
3220,2
1173,2
5039,2
13964,2
990,2
3675,2
1842,2
4623,2
1253,2
3830,2
1594,2
7737,2
11642,2
3942,2
996,2
1895,2
3611,2
2058,2
3348,2
1301,2
1488,2
1061,2
5399,2
1626,2
958,2
3297,2
1028,2
3489,2
2674,2
3221,2
1714,2
5756,1
22132,1
6012,1
3058,1
6512,1
5900,1
35682,1
22920,1
4705,1
6544,1
4929,1
13125,1
2930,1
7853,1
1694,1
4977,1
5169,1
2690,1
33843,1
17419,1
7440,1
9079,1
11899,1
2434,1
2418,1
11062,1
5345,1
835,1
3298,1
1918,1
1662,1
1710,1
44731,1
5121,1
11510,1
1283,1
11526,1
10614,1
2450,1
19466,1
7200,1
6784,1
23336,1
34289,1
9015,1
29965,1
3647,1
5788,1
3314,1
56168,1
23048,1
13960,1
7981,1
2546,1
5724,1
6864,1
3090,1
13413,1
5281,1
26210,1
5233,1
16859,1
3234,1
3663,1
3250,1
2770,1
3903,1
11174,1
5073,1
3266,1
7120,1
7821,1
3839,1
7296,1
14072,1
3010,1
25551,1
2754,1
3218,1
3887,1
5057,1
12011,1
4609,1
5265,1
2994,1
1203,1
2978,1
2642,1
42055,1
7376,1
5329,1
5836,1
3282,1
9802,1
12709,1
6736,1
1678,1
5089,1
2466,1
27870,1
3042,1
4993,1
14024,1
4865,1
3871,1
2514,1
4657,1
2786,1
5217,1
6608,1
8013,1
5025,1
1870,1
915,1
5932,1
4753,1
5740,1
3154,1
11142,1
8045,1
8615,1
2818,1
1803,1
15636,1
5020,1
7069,1
2975,1
7287,1
3189,1
9146,1
5222,1
5052,1
5206,1
3157,1
7239,1
9280,1
3125,1
7207,1
9248,1
3077,1
11265,1
5110,1
3045,1
3029,1
70806,1
13490,1
644,1
11163,1
3413,1
4972,1
9082,1
25896,1
3365,1
11131,1
9504,1
3349,1
9488,1
1284,1
13570,1
11521,1
5366,1
11505,1
7399,1
4988,1
13192,1
5302,1
3253,1
19431,1
7111,1
5062,1
9194,1
13074,1
2821,1
4854,1
3119,1
8944,1
6887,1
2789,1
2773,1
27699,1
17100,1
7229,1
4790,1
23215,1
2725,1
5196,1
15011,1
6807,1
2709,1
4742,1
7213,1
25384,1
52013,1
7165,1
2997,1
948,1
9136,1
5030,1
1006,1
2949,1
3055,1
7031,1
17414,1
23343,1
7015,1
4966,1
9226,1
2901,1
5132,1
6983,1
19261,1
9008,1
9568,1
11617,1
7527,1
18156,1
6054,1
3989,1
1940,1
14226,1
6022,1
36741,1
18300,1
1908,1
5990,1
3925,1
4876,1
22350,1
32587,1
5958,1
6925,1
5942,1
2831,1
12081,1
7959,1
6070,1
28601,1
12225,1
2767,1
2148,1
6230,1
2751,1
2132,1
4167,1
17094,1
4151,1
6861,1
2783,1
4037,1
8209,1
10256,1
4103,1
4844,1
40951,1
2036,1
47865,1
8135,1
3845,1
16099,1
19821,1
22238,1
3605,1
4924,1
3573,1
3557,1
2895,1
15843,1
15827,1
13778,1
3509,1
5542,1
3493,1
2911,1
9632,1
5526,1
13160,1
9066,1
5494,1
3445,1
1396,1
11809,1
1572,1
3621,1
4892,1
5846,1
13080,1
1732,1
5814,1
108466,1
7847,1
1700,1
3733,1
1668,1
26168,1
1652,1
32363,1
11051,1
1620,1
17996,1
4908,1
3653,1
9792,1
2693,1
4726,1
11542,1
3970,1
3954,1
6001,1
3938,1
51035,1
12118,1
5969,1
12102,1
1859,1
3906,1
3890,1
20266,1
10023,1
3535,1
7968,1
1811,1
3858,1
3842,1
7920,1
5857,1
20346,1
1923,1
5212,1
44934,1
13736,1
6167,1
4118,1
9642,1
12306,1
8208,1
2053,1
5564,1
26607,1
10215,1
44491,1
6113,1
1987,1
8128,1
1971,1
12198,1
1955,1
4002,1
7629,1
28382,1
1747,1
5841,1
9690,1
290238,1
3506,1
9754,1
3490,1
5521,1
7568,1
5505,1
3615,1
44390,1
32289,1
3631,1
5457,1
1347,1
3394,1
9527,1
3378,1
9511,1
1315,1
3362,1
5644,1
13797,1
1523,1
13941,1
3778,1
3762,1
7661,1
3746,1
7840,1
1683,1
9847,1
11894,1
7792,1
7677,1
5713,1
5628,1
3650,1
5697,1
1587,1
17947,1
54809,1
9751,1
6183,1
7581,1
4150,1
6471,1
2533,1
2517,1
2501,1
11499,1
4534,1
8624,1
4518,1
7421,1
12706,1
2453,1
5388,1
1294,1
8576,1
4470,1
3343,1
4454,1
9498,1
6487,1
7453,1
6631,1
11483,1
3263,1
4678,1
5244,1
19053,1
5260,1
7309,1
14947,1
2645,1
12882,1
21070,1
2629,1
2581,1
11419,1
2613,1
3231,1
12850,1
10801,1
6695,1
23071,1
6679,1
16716,1
4422,1
3455,1
2373,1
2245,1
11579,1
6327,1
4278,1
2229,1
5436,1
12466,1
6311,1
4262,1
5452,1
2197,1
1358,1
2181,1
9562,1
4214,1
4182,1
7549,1
4166,1
2117,1
4294,1
6343,1
9530,1
16668,1
10561,1
8512,1
4406,1
32033,1
14643,1
6439,1
2341,1
13608,1
24856,1
2261,1
2325,1
5420,1
8464,1
2309,1
7469,1
8432,1
3375,1
6359,1
12645,1
76615,1
3967,1
7452,1
20571,1
12375,1
4179,1
17655,1
2128,1
12359,1
4163,1
2112,1
10292,1
4147,1
6178,1
19702,1
1311,1
8213,1
9515,1
3374,1
2048,1
14310,1
6114,1
14294,1
8147,1
4049,1
2144,1
6242,1
21930,1
42171,1
6418,1
33919,1
4355,1
7308,1
3214,1
4339,1
6386,1
1167,1
3246,1
2272,1
2240,1
4195,1
1215,1
23764,1
28831,1
9435,1
4227,1
2176,1
16505,1
12407,1
6258,1
11498,1
18376,1
4033,1
3406,1
1552,1
1680,1
5762,1
3713,1
3697,1
1648,1
56939,1
1616,1
1600,1
7731,1
3601,1
33029,1
3422,1
5618,1
17896,1
13798,1
3553,1
13782,1
7635,1
5570,1
28018,1
21946,1
7603,1
3729,1
5778,1
1696,1
3745,1
10132,1
8083,1
1920,1
1904,1
22362,1
5970,1
1856,1
30526,1
16183,1
14118,1
12069,1
7971,1
1824,1
46870,1
34004,1
18168,1
1776,1
16103,1
1760,1
7532,1
7843,1
200979,1
12567,1
8485,1
8933,1
801,1
35616,1
17177,1
15126,1
8981,1
2832,1
39682,1
2816,1
753,1
2800,1
11226,1
31390,1
2784,1
8917,1
4819,1
4803,1
705,1
10932,1
4787,1
7132,1
12967,1
6818,1
15142,1
2864,1
2880,1
4931,1
3056,1
5091,1
895,1
5075,1
7122,1
5059,1
9099,1
3008,1
2992,1
19368,1
11172,1
15254,1
5011,1
7058,1
2928,1
11108,1
4963,1
5037,1
2990,1
9029,1
11076,1
2720,1
23194,1
2352,1
2432,1
22986,1
4547,1
27068,1
4531,1
6578,1
27714,1
2480,1
5197,1
1103,1
3166,1
39282,1
6802,1
6498,1
3182,1
8533,1
4435,1
2384,1
4419,1
9339,1
20795,1
16697,1
7292,1
33123,1
63950,1
5181,1
4579,1
2704,1
4739,1
641,1
2688,1
10868,1
6770,1
2672,1
6754,1
2656,1
76372,1
12871,1
21525,1
12839,1
6690,1
9243,1
3102,1
8709,1
6658,1
3118,1
4595,1
2544,1
5554,1
13734,1
11268,1
5869,1
5821,1
70114,1
1727,1
11978,1
16856,1
31183,1
10693,1
4546,1
11994,1
4530,1
3822,1
8692,1
8596,1
2433,1
12026,1
32866,1
6515,1
3838,1
14089,1
24940,1
6499,1
3854,1
6643,1
9915,1
7587,1
624,1
3646,1
2721,1
1599,1
10901,1
4754,1
2705,1
3678,1
4738,1
8820,1
2673,1
17000,1
2561,1
6755,1
2657,1
5773,1
1695,1
12854,1
21034,1
11946,1
3758,1
11962,1
8708,1
4434,1
28434,1
2369,1
4178,1
16536,1
2193,1
12422,1
16248,1
12406,1
3966,1
12977,1
24684,1
38797,1
6227,1
2129,1
10011,1
3982,1
6211,1
8092,1
6045,1
12202,1
4014,1
35818,1
10261,1
6163,1
6109,1
12122,1
1871,1
3918,1
4274,1
2353,1
40732,1
16680,1
4386,1
10517,1
2321,1
3870,1
6403,1
2305,1
1823,1
8436,1
32560,1
10469,1
4322,1
12090,1
10453,1
4306,1
8388,1
4290,1
1855,1
14519,1
5677,1
4802,1
2769,1
1232,1
11525,1
5378,1
9460,1
3313,1
26019,1
17640,1
9643,1
23771,1
7379,1
5330,1
3265,1
1106,1
7347,1
1200,1
11429,1
1184,1
29854,1
11413,1
5266,1
3201,1
11706,1
5234,1
9627,1
3345,1
3361,1
13606,1
5538,1
1440,1
9595,1
7555,1
5506,1
3457,1
1408,1
1407,1
13670,1
9572,1
1376,1
11605,1
1360,1
42308,1
5442,1
3393,1
1344,1
15671,1
5426,1
36145,1
1328,1
7612,1
5218,1
10965,1
2929,1
261600,1
2993,1
6753,1
2977,1
19353,1
912,1
2945,1
896,1
13174,1
38462,1
3582,1
1120,1
864,1
13126,1
25404,1
2865,1
3598,1
2833,1
5661,1
6883,1
3614,1
19161,1
3009,1
5058,1
3025,1
5074,1
1471,1
15431,1
11333,1
3137,1
5581,1
3121,1
3105,1
3089,1
1040,1
21514,1
13318,1
11269,1
5122,1
3073,1
1024,1
17400,1
1487,1
9188,1
7139,1
36318,1
27613,1
4989,1
11130,1
4449,1
33874,1
3251,1
15525,1
10474,1
5280,1
4333,1
3187,1
2286,1
5232,1
3171,1
33343,1
15429,1
2270,1
10506,1
5184,1
3123,1
6412,1
3107,1
2318,1
5136,1
10522,1
7169,1
11255,1
17594,1
58574,1
12729,1
1346,1
5536,1
4301,1
3459,1
1410,1
52603,1
17786,1
7537,1
3427,1
5456,1
3395,1
7489,1
3283,1
51414,1
7457,1
44311,1
1298,1
17674,1
3331,1
3315,1
7409,1
5344,1
19675,1
8475,1
1010,1
5104,1
4800,1
19227,1
2835,1
6508,1
8966,1
4461,1
770,1
24947,1
14712,1
29404,1
6524,1
2739,1
9190,1
4784,1
2723,1
4509,1
22948,1
6572,1
4752,1
2691,1
8822,1
2675,1
18870,1
4896,1
4912,1
8555,1
2867,1
13284,1
3043,1
994,1
11207,1
6428,1
37824,1
2334,1
15269,1
930,1
9110,1
9094,1
6444,1
2350,1
7025,1
2915,1
4413,1
4960,1
6246,1
9030,1
2883,1
4928,1
6348,1
7601,1
13748,1
6140,1
2210,1
2123,1
6124,1
2194,1
6288,1
8327,1
4079,1
18554,1
10234,1
10342,1
2146,1
6236,1
4095,1
8203,1
10266,1
8247,1
4125,1
4145,1
6188,1
12345,1
6176,1
4173,1
4063,1
16555,1
4273,1
2226,1
8535,1
32641,1
72016,1
3983,1
2370,1
6448,1
26530,1
4385,1
39200,1
6060,1
2322,1
10170,1
1151,1
1982,1
4337,1
4031,1
2274,1
10186,1
2258,1
4305,1
4289,1
4113,1
2050,1
23993,1
9766,1
16535,1
5792,1
3731,1
1682,1
6300,1
7793,1
58974,1
15941,1
50746,1
1586,1
1570,1
2142,1
9750,1
9734,1
8363,1
5632,1
10426,1
11751,1
15845,1
3555,1
1506,1
3523,1
5808,1
26302,1
3795,1
7921,1
8177,1
12263,1
2018,1
8145,1
1986,1
4019,1
36551,1
16293,1
8097,1
4205,1
3955,1
10362,1
26430,1
30524,1
3891,1
5936,1
3875,1
7969,1
4237,1
9990,1
3843,1
2659,1
72289,1
19318,1
42533,1
3712,1
3696,1
24154,1
18009,1
7762,1
6956,1
9781,1
4909,1
3632,1
17961,1
5667,1
5779,1
1569,1
3616,1
2862,1
22027,1
9019,1
3552,1
1489,1
3536,1
26045,1
3504,1
11908,1
1697,1
10839,1
3872,1
18297,1
6003,1
10085,1
1889,1
20312,1
10069,1
3920,1
20296,1
8002,1
5923,1
5891,1
7842,1
4877,1
9957,1
2830,1
5843,1
1745,1
8987,1
5811,1
1713,1
3760,1
13991,1
3488,1
13719,1
3456,1
9333,1
1217,1
7346,1
9381,1
1185,1
46231,1
7314,1
9349,1
5251,1
2926,1
3200,1
5235,1
1393,1
31600,1
44132,1
5219,1
1121,1
7250,1
1105,1
3152,1
9285,1
1089,1
11300,1
5315,1
3280,1
1233,1
13161,1
3440,1
5475,1
36192,1
40274,1
1361,1
3408,1
13639,1
2894,1
9525,1
5427,1
3376,1
9509,1
1313,1
15638,1
7442,1
9051,1
3344,1
4957,1
5363,1
15590,1
7394,1
3968,1
1921,1
6019,1
4416,1
31117,1
2435,1
8731,1
2590,1
31085,1
41318,1
18982,1
4448,1
10794,1
2371,1
2355,1
2291,1
2606,1
6449,1
6716,1
10519,1
8470,1
6732,1
6417,1
26895,1
35075,1
10842,1
33170,1
4512,1
6561,1
12825,1
4541,1
2627,1
2494,1
4672,1
2611,1
4557,1
2510,1
4640,1
6620,1
4624,1
18955,1
8710,1
2526,1
4589,1
2542,1
25054,1
16858,1
14805,1
4621,1
6577,1
27055,1
4352,1
8422,1
3984,1
2033,1
31408,1
4160,1
16442,1
6860,1
4813,1
39329,1
2782,1
2798,1
6145,1
4096,1
4080,1
14565,1
2017,1
4032,1
22459,1
6067,1
40882,1
6908,1
14247,1
12196,1
8098,1
6035,1
43079,1
2718,1
34899,1
4765,1
12905,1
4320,1
43223,1
2259,1
2670,1
4304,1
10874,1
2686,1
8374,1
8358,1
2211,1
8843,1
4256,1
2702,1
6289,1
20616,1
8326,1
2179,1
16506,1
6812,1
6257,1
2735,1
7830,1
4199,1
3309,1
13375,1
7226,1
21750,1
27700,1
13343,1
5147,1
3325,1
3080,1
7423,1
3064,1
7146,1
1292,1
9181,1
3341,1
13594,1
13263,1
5067,1
3357,1
3016,1
7098,1
5406,1
5035,1
19749,1
19520,1
5195,1
2315,1
3160,1
1337,1
3384,1
3261,1
3368,1
11465,1
11532,1
1289,1
3336,1
46319,1
15598,1
1257,1
3304,1
13535,1
9437,1
3288,1
17617,1
9421,1
3277,1
9405,1
29863,1
3224,1
3293,1
29922,1
9117,1
7066,1
1324,1
25493,1
5518,1
35512,1
12975,1
6826,1
7583,1
1468,1
4747,1
6794,1
12927,1
6778,1
3533,1
4715,1
3549,1
2664,1
5598,1
7647,1
4667,1
6698,1
3565,1
8733,1
1548,1
11801,1
16913,1
4795,1
17089,1
2760,1
3421,1
13199,1
3373,1
7471,1
9069,1
4971,1
19781,1
2904,1
17233,1
2872,1
6954,1
50532,1
1420,1
3437,1
4859,1
5486,1
8941,1
6890,1
745,1
27364,1
4827,1
3453,1
2776,1
19776,1
1212,1
5451,1
1849,1
34891,1
3085,1
8254,1
7183,1
3101,1
2091,1
2075,1
21558,1
4206,1
2025,1
4072,1
6091,1
65478,1
17492,1
19541,1
3976,1
10109,1
8058,1
9304,1
30583,1
8042,1
36712,1
14175,1
16466,1
4184,1
1036,1
4264,1
10495,1
11177,1
2989,1
8414,1
956,1
972,1
6361,1
2235,1
4280,1
2219,1
12444,1
2139,1
2203,1
5102,1
20608,1
2171,1
26743,1
20592,1
8302,1
35837,1
6249,1
12380,1
1865,1
5931,1
11612,1
7978,1
7279,1
3656,1
5691,1
22067,1
5659,1
7706,1
3560,1
5595,1
21971,1
1481,1
3528,1
7295,1
9645,1
5547,1
28068,1
3464,1
13695,1
11644,1
25973,1
13679,1
5483,1
3432,1
58725,1
1641,1
7786,1
24178,1
7898,1
5899,1
3165,1
3848,1
5883,1
7930,1
7263,1
18161,1
7914,1
18145,1
5851,1
1753,1
7802,1
9933,1
1737,1
14015,1
16062,1
5819,1
44137,1
7850,1
3181,1
3752,1
3736,1
4619,1
1564,1
14846,1
5338,1
5562,1
7595,1
44445,1
1432,1
13694,1
3449,1
7531,1
11613,1
3417,1
1900,1
19793,1
11597,1
42316,1
5998,1
13630,1
3385,1
3369,1
15647,1
101657,1
17680,1
23811,1
17664,1
3321,1
19905,1
5982,1
50640,1
30230,1
5738,1
1640,1
3673,1
1624,1
15951,1
3657,1
3917,1
8015,1
3609,1
18260,1
1544,1
19921,1
26116,1
17920,1
13822,1
3577,1
1884,1
13806,1
11757,1
1512,1
21986,1
1496,1
1272,1
6030,1
9884,1
17600,1
15295,1
3001,1
20519,1
7083,1
2985,1
8233,1
2969,1
4143,1
2937,1
10344,1
2921,1
872,1
19297,1
2905,1
4207,1
4223,1
45195,1
2857,1
6939,1
2188,1
4239,1
23315,1
6907,1
2060,1
3017,1
5066,1
3161,1
5306,1
8095,1
31927,1
13486,1
7339,1
3241,1
5274,1
3193,1
4013,1
9308,1
5194,1
5082,1
10200,1
7227,1
3129,1
79834,1
9260,1
39979,1
20453,1
13342,1
5130,1
6142,1
5754,1
1704,1
12767,1
2216,1
1676,1
2360,1
18736,1
4395,1
32403,1
22818,1
3741,1
2312,1
12543,1
3757,1
8429,1
5806,1
1724,1
5822,1
12495,1
22214,1
2248,1
14526,1
8381,1
4283,1
1740,1
3789,1
26804,1
6458,1
16705,1
22850,1
2456,1
8653,1
5694,1
2504,1
29127,1
1612,1
2488,1
27060,1
3661,1
2472,1
12703,1
2440,1
2376,1
4475,1
28257,1
2424,1
4459,1
6506,1
15979,1
31078,1
1660,1
4427,1
5758,1
5838,1
41117,1
9900,1
4251,1
1944,1
1852,1
14206,1
1912,1
1896,1
8027,1
3929,1
5946,1
3897,1
1848,1
3881,1
12061,1
5914,1
1816,1
7947,1
16127,1
14078,1
3833,1
5850,1
3785,1
3769,1
18244,1
13998,1
32679,1
40891,1
10172,1
28695,1
5854,1
2200,1
8333,1
8317,1
2168,1
3837,1
3853,1
10008,1
1820,1
3869,1
22546,1
47038,1
4107,1
3885,1
12089,1
10220,1
2024,1
24547,1
10204,1
4057,1
4041,1
1992,1
4360,1
4376,1
10923,1
4681,1
6271,1
4665,1
2189,1
6303,1
2570,1
4601,1
6648,1
16883,1
123056,1
2522,1
4302,1
4553,1
20929,1
20710,1
6584,1
22759,1
2285,1
39336,1
4350,1
4505,1
6552,1
43406,1
10505,1
6728,1
2173,1
2957,1
21073,1
2810,1
4857,1
13037,1
8248,1
19170,1
8927,1
10974,1
2109,1
6207,1
2762,1
8264,1
4793,1
14411,1
2730,1
43662,1
2698,1
23168,1
24672,1
8815,1
2157,1
36974,1
8312,1
4697,1
4366,1
8559,1
6415,1
2410,1
4462,1
4297,1
6527,1
8367,1
14731,1
8351,1
6543,1
2202,1
53393,1
10382,1
12429,1
14763,1
6280,1
2170,1
4217,1
6575,1
2154,1
24679,1
14428,1
2138,1
6591,1
4137,1
8223,1
2413,1
6360,1
2397,1
51490,1
4457,1
30995,1
4441,1
2378,1
2349,1
2362,1
4409,1
10542,1
4414,1
4393,1
6463,1
2282,1
2330,1
4377,1
8463,1
18757,1
4361,1
16643,1
43262,1
12618,1
14572,1
16724,1
2093,1
4873,1
14379,1
1899,1
83539,1
46893,1
1579,1
3626,1
13853,1
9743,1
3914,1
7688,1
1867,1
40792,1
3530,1
7624,1
11710,1
7608,1
9631,1
1435,1
3482,1
25991,1
52610,1
1355,1
19778,1
1339,1
67243,1
3674,1
7784,1
3690,1
16076,1
5897,1
30469,1
16108,1
3818,1
32484,1
1755,1
3802,1
5849,1
7896,1
9935,1
1739,1
1643,1
5913,1
7880,1
3866,1
11934,1
1691,1
3738,1
5785,1
22161,1
7816,1
7976,1
8040,1
7464,1
4126,1
11550,1
5113,1
7160,1
3050,1
16316,1
21457,1
9167,1
13261,1
7112,1
9135,1
32740,1
7080,1
11166,1
4074,1
2027,1
35706,1
14333,1
2922,1
9055,1
10249,1
4110,1
10265,1
6952,1
4889,1
11262,1
9215,1
4026,1
1947,1
13581,1
5385,1
3322,1
1259,1
3306,1
5353,1
6041,1
31956,1
3994,1
3242,1
5273,1
13325,1
11390,1
14237,1
5225,1
8104,1
3162,1
13389,1
6057,1
3130,1
5161,1
50195,1
10270,1
6168,1
6607,1
4830,1
17060,1
7065,1
5016,1
15245,1
8872,1
5000,1
47997,1
19125,1
11119,1
9070,1
9054,1
2907,1
31573,1
2891,1
8888,1
2859,1
15035,1
4904,1
43807,1
10953,1
11023,1
2811,1
4856,1
9118,1
5032,1
938,1
21504,1
8808,1
44127,1
2669,1
7257,1
3147,1
1098,1
5176,1
34904,1
47739,1
3083,1
11263,1
2987,1
31733,1
3051,1
2914,1
3035,1
2717,1
3019,1
970,1
5064,1
27591,1
4766,1
13036,1
2763,1
5256,1
6895,1
2539,1
2861,1
4910,1
6975,1
9032,1
2893,1
2459,1
25424,1
4504,1
21334,1
2427,1
2909,1
6521,1
4472,1
7023,1
15227,1
4424,1
16706,1
2363,1
7039,1
21382,1
10527,1
2331,1
6649,1
15147,1
27143,1
6745,1
8952,1
21168,1
2731,1
11001,1
6809,1
4760,1
2813,1
6911,1
17010,1
13066,1
43599,1
9000,1
2829,1
12860,1
17172,1
6713,1
8750,1
35371,1
21270,1
8734,1
2587,1
4894,1
3195,1
3211,1
49149,1
5608,1
1802,1
1754,1
5848,1
7881,1
1722,1
9902,1
53750,1
20115,1
1642,1
20067,1
9822,1
1610,1
7753,1
3643,1
5688,1
24113,1
1578,1
22048,1
1562,1
5656,1
1546,1
3579,1
33276,1
3851,1
9998,1
3867,1
12191,1
4091,1
8185,1
6136,1
10222,1
2026,1
4059,1
38882,1
4027,1
6072,1
4011,1
14220,1
17427,1
3963,1
1914,1
3947,1
8041,1
5992,1
12127,1
3931,1
28503,1
3915,1
5960,1
2573,1
11743,1
15501,1
4622,1
1306,1
9486,1
3339,1
1290,1
15613,1
5368,1
9454,1
1258,1
7401,1
3291,1
6719,1
5336,1
11471,1
9422,1
9406,1
13500,1
8776,1
2637,1
5304,1
2653,1
3227,1
1178,1
7321,1
11551,1
17698,1
2621,1
3467,1
25104,1
17858,1
3515,1
1466,1
15789,1
3499,1
1450,1
11679,1
3483,1
26006,1
14875,1
5432,1
15741,1
3451,1
7545,1
5496,1
9582,1
3435,1
2605,1
16948,1
7497,1
8760,1
4858,1
8361,1
728,1
1933,1
75971,1
24762,1
1949,1
4276,1
2215,1
4260,1
2199,1
1965,1
8338,1
8110,1
6063,1
4228,1
8322,1
20420,1
18543,1
24682,1
10185,1
4044,1
4180,1
12368,1
2119,1
92113,1
155706,1
12184,1
4324,1
12974,1
6015,1
8594,1
1805,1
3868,1
2131,1
3884,1
6517,1
1837,1
29016,1
5935,1
6485,1
6469,1
7998,1
52159,1
6453,1
31017,1
2343,1
4388,1
22813,1
10105,1
4372,1
14203,1
4356,1
4340,1
10201,1
8158,1
6127,1
14385,1
5959,1
7974,1
12064,1
5911,1
3860,1
4140,1
5879,1
3828,1
1765,1
7894,1
1749,1
3796,1
9937,1
18125,1
11968,1
1717,1
18093,1
32410,1
3850,1
2095,1
3732,1
1669,1
7798,1
1877,1
10081,1
3940,1
26585,1
2087,1
18421,1
8226,1
2071,1
12280,1
6157,1
8194,1
26617,1
20460,1
8166,1
2005,1
20332,1
24526,1
6071,1
4020,1
6055,1
4004,1
1941,1
12176,1
3972,1
6007,1
3956,1
4500,1
34526,1
7934,1
5028,1
3207,1
5252,1
5236,1
15473,1
3175,1
23645,1
1437,1
11688,1
19519,1
1078,1
15409,1
3516,1
3095,1
1469,1
3532,1
3063,1
11235,1
15834,1
3015,1
3548,1
5060,1
19391,1
5044,1
9378,1
3468,1
3239,1
3367,1
5471,1
5460,1
13648,1
32073,1
3399,1
5444,1
11587,1
3383,1
1334,1
5428,1
3351,1
7349,1
1302,1
7445,1
5396,1
3335,1
1270,1
13536,1
3287,1
3271,1
3255,1
5503,1
5599,1
11752,1
12752,1
11139,1
24198,1
14977,1
19071,1
2679,1
16990,1
10835,1
2631,1
14913,1
1709,1
14897,1
23085,1
11976,1
6677,1
2567,1
5839,1
4612,1
2551,1
3804,1
30435,1
10723,1
2519,1
1773,1
6613,1
2695,1
10899,1
3708,1
86812,1
2919,1
3596,1
7013,1
9753,1
4948,1
15169,1
2871,1
3628,1
6965,1
2855,1
24118,1
3692,1
4884,1
2823,1
758,1
19183,1
3660,1
6885,1
3676,1
1629,1
2743,1
6837,1
1653,1
5735,1
10315,1
526,1
19020,1
2463,1
2628,1
25145,1
6710,1
2479,1
2511,1
2596,1
22997,1
8666,1
4615,1
10715,1
4599,1
8682,1
8689,1
4588,1
2532,1
6614,1
4604,1
4551,1
6598,1
2559,1
12739,1
8785,1
2644,1
6557,1
4791,1
26931,1
8506,1
2383,1
4839,1
6493,1
2788,1
4823,1
6509,1
2756,1
15042,1
14713,1
613,1
2740,1
8881,1
29355,1
4775,1
6822,1
10635,1
2692,1
8602,1
2676,1
25193,1
2484,1
4503,1
13091,1
2575,1
14610,1
8465,1
10859,1
2308,1
14594,1
4716,1
2292,1
10480,1
6765,1
4311,1
6358,1
8826,1
2260,1
8401,1
6797,1
2244,1
10907,1
24745,1
4764,1
39581,1
22670,1
2180,1
8321,1
2324,1
2655,1
4375,1
16950,1
2452,1
6534,1
4636,1
2436,1
12675,1
14722,1
2607,1
31082,1
4455,1
6502,1
2404,1
2340,1
51767,1
4668,1
2388,1
8529,1
4423,1
10843,1
2356,1
14642,1
4391,1
33374,1
15138,1
2868,1
3684,1
5255,1
4204,1
9553,1
7494,1
1333,1
3380,1
2159,1
36132,1
15650,1
25881,1
7430,1
2175,1
38135,1
1269,1
9441,1
62683,1
4252,1
11472,1
6301,1
3268,1
7350,1
1205,1
3252,1
1189,1
9585,1
3444,1
11664,1
1541,1
1621,1
3668,1
1605,1
4172,1
3636,1
5671,1
2127,1
9761,1
5655,1
3604,1
9729,1
8298,1
2143,1
7654,1
7638,1
3540,1
9681,1
54735,1
5575,1
7622,1
3524,1
3508,1
19596,1
3204,1
13123,1
68724,1
10443,1
15298,1
16598,1
9137,1
17325,1
7078,1
933,1
12504,1
9105,1
9089,1
4983,1
8410,1
2932,1
4967,1
7014,1
47353,1
2916,1
15202,1
4348,1
2900,1
11088,1
29515,1
2303,1
35007,1
981,1
27624,1
5175,1
5223,1
1125,1
3172,1
5207,1
1109,1
3156,1
13395,1
7238,1
4268,1
9281,1
6317,1
50157,1
3124,1
11312,1
7206,1
11296,1
5143,1
30897,1
3092,1
12472,1
3076,1
17405,1
25946,1
13664,1
3420,1
11730,1
1751,1
3798,1
7892,1
26299,1
14890,1
5813,1
1703,1
16032,1
2604,1
11922,1
1671,1
9859,1
1655,1
5717,1
47674,1
3654,1
17983,1
5685,1
1559,1
1527,1
1511,1
7652,1
32216,1
14049,1
1767,1
18159,1
3878,1
32664,1
14225,1
3974,1
8068,1
14209,1
3958,1
3926,1
3894,1
5941,1
1831,1
21015,1
7924,1
18207,1
5367,1
8729,1
1815,1
3862,1
14097,1
30473,1
3846,1
18175,1
1783,1
5589,1
13777,1
12194,1
1479,1
3302,1
9443,1
21725,1
9427,1
15568,1
1223,1
4815,1
17567,1
1175,1
1159,1
15488,1
3190,1
1127,1
13409,1
19172,1
3158,1
5189,1
19518,1
8937,1
3126,1
5173,1
19502,1
6894,1
21191,1
1271,1
9475,1
7508,1
3526,1
2620,1
3510,1
30121,1
2636,1
9619,1
2652,1
7556,1
5477,1
1367,1
13649,1
3334,1
15696,1
1351,1
5445,1
3382,1
2700,1
3366,1
4767,1
5397,1
7444,1
4783,1
14241,1
10147,1
7188,1
10493,1
12782,1
2537,1
8473,1
6619,1
2332,1
4554,1
4383,1
20898,1
18849,1
2457,1
8505,1
8521,1
2380,1
6478,1
18772,1
20823,1
2361,1
6510,1
10616,1
6427,1
4378,1
8569,1
2428,1
4367,1
2316,1
6667,1
8812,1
8876,1
6334,1
2252,1
25236,1
8844,1
4746,1
2697,1
4319,1
25220,1
12523,1
2284,1
12539,1
6382,1
37466,1
2649,1
4335,1
19025,1
8780,1
16629,1
4666,1
14586,1
4650,1
8585,1
6395,1
6053,1
2281,1
4186,1
2524,1
38987,1
4575,1
8252,1
2540,1
63527,1
20514,1
43512,1
2556,1
2057,1
2572,1
2039,1
4086,1
2023,1
8164,1
2007,1
63433,1
6085,1
22461,1
1975,1
4022,1
1959,1
53346,1
8665,1
2153,1
10680,1
6542,1
4495,1
20887,1
413,1
16821,1
28870,1
4282,1
20919,1
12462,1
2217,1
24740,1
4202,1
4250,1
2201,1
18577,1
6590,1
10365,1
8316,1
8649,1
20594,1
10349,1
71787,1
3110,1
15098,1
3431,1
7438,1
1277,1
2070,1
6164,1
22540,1
26634,1
32002,1
44296,1
10226,1
34790,1
1990,1
8133,1
12227,1
4023,1
1974,1
10162,1
28587,1
9481,1
6052,1
1942,1
8069,1
20335,1
1894,1
3927,1
6180,1
4133,1
2086,1
4213,1
3228,1
2246,1
2230,1
39092,1
6308,1
13499,1
2198,1
4245,1
15562,1
1229,1
6260,1
9465,1
22636,1
2150,1
4197,1
18526,1
2134,1
7390,1
4165,1
5343,1
3308,1
59434,1
12115,1
12099,1
4309,1
10034,1
3671,1
5716,1
15674,1
3388,1
32297,1
22044,1
3591,1
19951,1
5455,1
24013,1
9561,1
38340,1
3511,1
1462,1
5556,1
1446,1
7589,1
1430,1
5524,1
7557,1
5508,1
9602,1
5492,1
24157,1
9826,1
5732,1
42690,1
35340,1
14112,1
22300,1
5391,1
3831,1
15642,1
3815,1
36567,1
9938,1
3783,1
3767,1
3687,1
3372,1
18094,1
32425,1
1702,1
41907,1
87708,1
5780,1
3719,1
16001,1
9529,1
6356,1
2262,1
3078,1
6740,1
791,1
2838,1
31496,1
21319,1
4869,1
6916,1
2806,1
6900,1
4943,1
15194,1
4821,1
13009,1
13147,1
2908,1
2742,1
8883,1
36583,1
9065,1
6804,1
248462,1
37509,1
4991,1
2956,1
6948,1
2854,1
21293,1
9139,1
9219,1
3062,1
11250,1
17391,1
21485,1
7124,1
3014,1
5061,1
11202,1
11032,1
13083,1
2876,1
903,1
7044,1
78721,1
2934,1
62313,1
6958,1
2918,1
21325,1
2886,1
6980,1
2646,1
7070,1
5263,1
2630,1
3116,1
37935,1
4469,1
3132,1
4453,1
24923,1
2390,1
6484,1
29001,1
5199,1
2374,1
42073,1
4405,1
23654,1
4373,1
2310,1
1149,1
12529,1
22764,1
7310,1
2278,1
6372,1
8419,1
32967,1
12689,1
6548,1
4565,1
4677,1
19006,1
2614,1
6708,1
3004,1
2582,1
5087,1
9193,1
3052,1
2518,1
6612,1
2454,1
8659,1
3068,1
1021,1
4549,1
8643,1
5119,1
6580,1
1037,1
8611,1
7182,1
7972,1
